a150;42	149	a44;43	43	41
a22;799	21	a975;23	974	35
a244;21	243	a28;25	27	32
a191;6	190	a48;32	47	30
a701;44	700	a81;22	80	29
a162;47	161	a555;13	554	29
a163;13	162	a180;9	179	28
a134;20	133	a28;25	27	27
a62;8	61	a692;16	691	26
a220;9	219	a83;31	82	25
a469;83	468	a535;16	534	24
a276;24	275	a4;35	3	23
a531;11	530	a700;9	699	23
a1030;29	1029	a22;799	21	22
a116;33	115	a276;24	275	22
a334;21	333	a83;31	82	21
a140;40	139	a492;6	491	20
a104;10	103	a509;11	508	20
a1510;11	1509	a22;799	21	19
a1472;15	1471	a24;156	23	19
a356;16	355	a81;22	80	19
a182;12	181	a460;9	459	18
a14;50	13	a324;14	323	17
a126;12	125	a314;11	313	16
a44;43	43	a857;39	856	16
a160;6	159	a529;8	528	15
a230;13	229	a316;11	315	14
a20;256	19	a39;19	38	14
a1472;15	1471	a436;8	435	14
a204;18	203	a487;10	486	14
a463;8	462	a617;9	616	14
a117;21	116	a520;9	519	13
a146;9	145	a680;9	679	13
a1208;76	1207	a81;22	80	13
a264;11	263	a314;11	313	13
a692;16	691	a697;7	696	12
a140;40	139	a533;40	532	12
a121;10	120	a621;6	620	12
a168;16	167	a614;7	613	12
a171;7	170	a370;6	369	11
a300;3	299	a802;5	801	11
a201;19	200	a303;31	302	11
a117;21	116	a946;5	945	11
a260;13	259	a355;18	354	11
a104;10	103	a127;15	126	11
a166;6	165	a661;11	660	11
a355;18	354	a36;8	35	11
a26;10	25	a302;6	301	11
a1424;5	1423	a34;17	33	10
a572;7	571	a850;3	849	10
a1028;31	1027	a44;43	43	10
a1182;2	1181	a22;799	21	10
a162;47	161	a22;799	21	10
a133;16	132	a192;30	191	10
a357;6	356	a414;11	413	10
a241;6	240	a521;5	520	9
a13;23	12	a51;17	50	9
a334;21	333	a728;5	727	9
a2213;10	2212	a22;799	21	9
a343;8	342	a634;4	633	9
a486;3	485	a933;7	932	9
a1152;6	1151	a415;3	414	9
a268;6	267	a901;5	900	9
a1029;3	1028	a229;26	228	8
a264;11	263	a285;7	284	8
a704;5	703	a933;7	932	8
a562;5	561	a636;6	635	8
a38;6	37	a3;12	2	8
a1217;7	1216	a132;4	131	8
a234;6	233	a91;6	90	8
a234;6	233	a60;16	59	8
a303;31	302	a75;3	74	8
a131;8	130	a414;11	413	8
a783;27	782	a81;22	80	8
a192;30	191	a24;156	23	8
a1235;17	1234	a527;14	526	8
a1259;50	1258	a150;42	149	8
a29;9	28	a89;9	88	8
a470;4	469	a514;4	513	8
a507;4	506	a941;3	940	7
a180;9	179	a595;4	594	7
a502;5	501	a580;5	579	7
a157;8	156	a48;32	47	7
a1212;4	1211	a343;8	342	7
a1476;4	1475	a196;3	195	7
a1114;3	1113	a51;17	50	7
a108;11	107	a153;6	152	7
a201;19	200	a23;22	22	7
a584;3	583	a845;4	844	7
a109;7	108	a61;7	60	7
a395;6	394	a58;4	57	7
a253;9	252	a901;5	900	7
a1110;2	1109	a150;42	149	7
a449;7	448	a997;3	996	7
a591;4	590	a891;6	890	7
a357;6	356	a74;15	73	7
a335;12	334	a636;6	635	6
a179;4	178	a277;9	276	6
a797;21	796	a81;22	80	6
a515;7	514	a722;5	721	6
a353;21	352	a484;15	483	6
a148;9	147	a345;2	344	6
a167;9	166	a173;7	172	6
a697;7	696	a779;9	778	6
a1003;2	1002	a343;8	342	6
a1128;4	1127	a79;10	78	6
a225;5	224	a968;4	967	6
a172;4	171	a9;5	8	6
a107;65	106	a81;22	80	6
a290;12	289	a402;6	401	6
a154;5	153	a670;4	669	6
a701;44	700	a783;27	782	6
a1012;6	1011	a688;4	687	6
a139;19	138	a44;43	43	6
a1067;5	1066	a543;3	542	6
a245;6	244	a449;7	448	6
a333;6	332	a8;15	7	6
a490;10	489	a876;3	875	6
a22;799	21	a81;22	80	6
a33;5	32	a564;4	563	6
a1578;2	1577	a296;7	295	6
a2;7	1	a35;6	34	6
a1559;3	1558	a649;4	648	6
a688;4	687	a915;4	914	6
a230;13	229	a524;8	523	6
a308;7	307	a618;4	617	6
a466;4	465	a76;6	75	6
a22;799	21	a824;19	823	6
a353;21	352	a824;19	823	6
a121;10	120	a618;4	617	6
a44;43	43	a527;14	526	6
a3;12	2	a545;5	544	6
a209;4	208	a899;6	898	5
a128;9	127	a911;3	910	5
a176;8	175	a37;6	36	5
a920;4	919	a995;3	994	5
a209;4	208	a47;6	46	5
a1008;4	1007	a268;6	267	5
a1211;5	1210	a308;7	307	5
a346;6	345	a94;7	93	5
a118;3	117	a802;5	801	5
a10;16	9	a95;5	94	5
a315;3	314	a986;2	985	5
a6;5	5	a818;3	817	5
a12;4	11	a336;13	335	5
a259;5	258	a7;3	6	5
a216;3	215	a657;5	656	5
a640;3	639	a885;3	884	5
a459;5	458	a525;3	524	5
a1111;3	1110	a658;2	657	5
a129;8	128	a398;6	397	5
a422;5	421	a468;2	467	5
a1416;4	1415	a322;3	321	5
a260;13	259	a740;2	739	5
a408;4	407	a968;4	967	5
a1520;2	1519	a9;5	8	5
a287;4	286	a373;3	372	5
a135;2	134	a389;2	388	5
a1075;5	1074	a236;12	235	5
a143;11	142	a38;6	37	5
a275;4	274	a400;3	399	5
a1665;3	1664	a591;4	590	5
a1164;3	1163	a315;3	314	5
a272;3	271	a422;5	421	5
a1211;5	1210	a1388;4	1387	5
a203;2	202	a88;3	87	5
a239;5	238	a524;8	523	5
a1050;2	1049	a19;11	18	5
a354;3	353	a726;3	725	5
a281;3	280	a70;4	69	5
a188;10	187	a231;9	230	5
a1090;5	1089	a1206;3	1205	5
a157;8	156	a87;5	86	5
a152;5	151	a158;6	157	5
a405;3	404	a567;4	566	5
a1292;2	1291	a448;2	447	4
a1192;4	1191	a1545;88	1544	4
a167;9	166	a997;3	996	4
a429;3	428	a439;3	438	4
a1323;2	1322	a957;2	956	4
a1424;5	1423	a517;2	516	4
a686;3	685	a695;5	694	4
a73;13	72	a953;2	952	4
a542;2	541	a752;2	751	4
a408;4	407	a730;3	729	4
a254;2	253	a571;2	570	4
a216;3	215	a720;2	719	4
a138;4	137	a474;3	473	4
a19;11	18	a324;14	323	4
a110;19	109	a701;44	700	4
a192;30	191	a848;12	847	4
a5;13	4	a94;7	93	4
a173;7	172	a789;3	788	4
a536;3	535	a586;3	585	4
a266;4	265	a400;3	399	4
a289;15	288	a701;44	700	4
a391;2	390	a678;10	677	4
a515;7	514	a789;3	788	4
a1244;3	1243	a532;2	531	4
a1221;4	1220	a159;8	158	4
a22;799	21	a393;11	392	4
a290;12	289	a939;4	938	4
a22;799	21	a701;44	700	4
a507;4	506	a910;2	909	4
a252;10	251	a36;8	35	4
a124;8	123	a53;8	52	4
a1204;2	1203	a322;3	321	4
a682;16	681	a782;27	781	4
a398;6	397	a41;11	40	4
a204;18	203	a900;3	899	4
a269;3	268	a316;11	315	4
a1478;3	1477	a286;2	285	4
a33;5	32	a498;3	497	4
a245;6	244	a58;4	57	4
a1376;2	1375	a533;40	532	4
a1149;2	1148	a852;4	851	4
a27;4	26	a407;3	406	4
a202;17	201	a224;28	223	4
a299;4	298	a828;3	827	4
a725;2	724	a750;4	749	4
a128;9	127	a256;10	255	4
a767;2	766	a77;3	76	4
a115;2	114	a66;3	65	4
a1256;2	1255	a766;2	765	4
a1250;21	1249	a24;156	23	4
a1203;2	1202	a562;5	561	4
a1133;4	1132	a1266;3	1265	4
a106;2	105	a902;5	901	4
a1213;3	1212	a199;3	198	4
a185;3	184	a325;2	324	4
a122;3	121	a156;2	155	4
a16;2	15	a558;3	557	4
a186;3	185	a508;2	507	4
a581;3	580	a587;2	586	4
a1221;4	1220	a253;9	252	4
a1082;2	1081	a293;3	292	4
a1090;5	1089	a936;4	935	4
a148;9	147	a737;10	736	4
a320;2	319	a90;3	89	4
a30;9	29	a95;5	94	4
a576;5	575	a651;3	650	4
a22;799	21	a353;21	352	4
a623;2	622	a799;3	798	4
a511;4	510	a921;2	920	4
a12;4	11	a939;4	938	4
a219;10	218	a545;5	544	4
a154;5	153	a269;3	268	4
a417;4	416	a564;4	563	4
a69;6	68	a92;5	91	3
a279;3	278	a891;6	890	3
a491;2	490	a952;3	951	3
a127;15	126	a1381;2	1380	3
a543;3	542	a756;3	755	3
a161;3	160	a435;2	434	3
a680;9	679	a946;5	945	3
a1742;2	1741	a340;2	339	3
a403;4	402	a407;3	406	3
a588;4	587	a628;2	627	3
a292;6	291	a544;2	543	3
a22;799	21	a682;16	681	3
a1035;2	1034	a877;2	876	3
a1051;2	1050	a239;5	238	3
a22;799	21	a484;15	483	3
a147;3	146	a657;5	656	3
a1334;2	1333	a931;2	930	3
a372;5	371	a902;5	901	3
a1666;2	1665	a248;3	247	3
a45;2	44	a921;2	920	3
a1086;2	1085	a1632;2	1631	3
a130;3	129	a983;5	982	3
a166;6	165	a61;7	60	3
a1358;2	1357	a1;2	0	3
a402;6	401	a528;2	527	3
a611;2	610	a935;2	934	3
a108;11	107	a721;4	720	3
a218;2	217	a624;4	623	3
a65;5	64	a712;2	711	3
a26;10	25	a335;12	334	3
a1586;12	1585	a865;13	864	3
a1192;4	1191	a122;3	121	3
a242;4	241	a723;2	722	3
a238;2	237	a278;4	277	3
a305;3	304	a46;3	45	3
a1163;2	1162	a421;3	420	3
a1201;2	1200	a151;3	150	3
a1406;2	1405	a397;2	396	3
a1177;2	1176	a460;9	459	3
a1228;2	1227	a304;2	303	3
a1087;2	1086	a489;2	488	3
a311;3	310	a472;2	471	3
a125;8	124	a596;5	595	3
a1361;2	1360	a282;2	281	3
a1591;2	1590	a1682;2	1681	3
a1712;2	1711	a955;2	954	3
a1018;2	1017	a139;19	138	3
a136;13	135	a915;4	914	3
a15;6	14	a779;9	778	3
a299;4	298	a806;3	805	3
a116;33	115	a1545;88	1544	3
a18;2	17	a247;3	246	3
a388;3	387	a453;3	452	3
a511;4	510	a895;2	894	3
a1016;2	1015	a1036;3	1035	3
a187;4	186	a899;6	898	3
a1195;2	1194	a59;2	58	3
a110;19	109	a783;27	782	3
a262;3	261	a64;2	63	3
a262;3	261	a625;3	624	3
a1037;2	1036	a853;2	852	3
a386;3	385	a419;3	418	3
a289;15	288	a81;22	80	3
a426;16	425	a782;27	781	3
a277;9	276	a800;2	799	3
a336;13	335	a929;2	928	3
a559;3	558	a830;4	829	3
a202;17	201	a701;44	700	3
a668;4	667	a850;3	849	3
a2;7	1	a317;5	316	3
a145;10	144	a881;2	880	3
a17;6	16	a291;4	290	3
a148;9	147	a277;9	276	3
a1075;5	1074	a418;4	417	3
a110;19	109	a81;22	80	3
a662;2	661	a86;2	85	3
a215;2	214	a382;2	381	3
a196;3	195	a198;8	197	3
a161;3	160	a349;2	348	3
a403;4	402	a630;2	629	3
a1104;19	1103	a701;44	700	3
a388;3	387	a872;3	871	3
a384;2	383	a453;3	452	3
a22;799	21	a356;16	355	3
a548;2	547	a877;2	876	3
a595;4	594	a610;2	609	3
a1738;3	1737	a89;9	88	3
a1353;2	1352	a253;9	252	3
a1128;4	1127	a844;6	843	3
a1091;4	1090	a672;3	671	3
a1201;2	1200	a995;3	994	3
a578;2	577	a588;4	587	3
a134;20	133	a139;19	138	3
a1107;2	1106	a852;4	851	3
a132;4	131	a297;5	296	2
a340;2	339	a556;2	555	2
a590;2	589	a615;2	614	2
a13;23	12	a168;16	167	2
a1522;2	1521	a672;3	671	2
a107;65	106	a110;19	109	2
a175;3	174	a452;2	451	2
a328;8	327	a333;6	332	2
a658;2	657	a881;2	880	2
a159;8	158	a605;2	604	2
a356;16	355	a797;21	796	2
a418;4	417	a70;4	69	2
a133;16	132	a848;12	847	2
a1266;3	1265	a553;3	552	2
a1142;11	1141	a202;17	201	2
a445;2	444	a849;2	848	2
a44;43	43	a700;9	699	2
a1168;3	1167	a160;6	159	2
a617;9	616	a619;3	618	2
a295;4	294	a396;3	395	2
a1024;2	1023	a1206;3	1205	2
a1479;2	1478	a674;3	673	2
a1223;2	1222	a876;3	875	2
a295;4	294	a656;2	655	2
a1442;2	1441	a435;2	434	2
a1361;2	1360	a491;2	490	2
a1152;6	1151	a730;3	729	2
a107;65	106	a356;16	355	2
a1071;2	1070	a633;3	632	2
a27;4	26	a712;2	711	2
a1104;19	1103	a783;27	782	2
a1435;2	1434	a65;5	64	2
a248;3	247	a532;2	531	2
a433;4	432	a544;2	543	2
a791;2	790	a971;2	970	2
a1469;2	1468	a226;2	225	2
a1006;2	1005	a1157;2	1156	2
a305;3	304	a765;2	764	2
a22;799	21	a555;13	554	2
a724;3	723	a880;2	879	2
a498;3	497	a92;5	91	2
a240;10	239	a916;4	915	2
a222;2	221	a298;4	297	2
a148;9	147	a552;2	551	2
a1104;19	1103	a81;22	80	2
a1208;76	1207	a701;44	700	2
a139;19	138	a597;2	596	2
a128;9	127	a1411;2	1410	2
a383;2	382	a57;14	56	2
a215;2	214	a362;3	361	2
a430;3	429	a507;4	506	2
a279;3	278	a591;4	590	2
a356;16	355	a404;10	403	2
a277;9	276	a993;7	992	2
a202;17	201	a81;22	80	2
a1457;2	1456	a71;5	70	2
a160;6	159	a776;3	775	2
a1104;19	1103	a224;28	223	2
a722;5	721	a776;3	775	2
a165;3	164	a337;2	336	2
a270;2	269	a821;2	820	2
a1110;2	1109	a531;11	530	2
a202;17	201	a797;21	796	2
a607;4	606	a821;2	820	2
a151;3	150	a287;4	286	2
a635;2	634	a6;5	5	2
a244;21	243	a700;9	699	2
a289;15	288	a404;10	403	2
a180;9	179	a78;3	77	2
a1036;3	1035	a472;2	471	2
a1322;2	1321	a584;3	583	2
a435;2	434	a846;2	845	2
a1296;2	1295	a723;2	722	2
a1005;2	1004	a217;4	216	2
a235;13	234	a701;44	700	2
a1082;2	1081	a599;2	598	2
a803;2	802	a938;2	937	2
a348;2	347	a7;3	6	2
a172;4	171	a619;3	618	2
a141;2	140	a572;7	571	2
a1492;2	1491	a243;2	242	2
a321;4	320	a517;2	516	2
a13;23	12	a614;7	613	2
a147;3	146	a705;2	704	2
a247;3	246	a815;2	814	2
a1064;2	1063	a1644;2	1643	2
a124;8	123	a258;3	257	2
a134;20	133	a531;11	530	2
a277;9	276	a552;2	551	2
a174;3	173	a1767;2	1766	2
a195;6	194	a348;2	347	2
a1142;11	1141	a81;22	80	2
a235;13	234	a81;22	80	2
a176;8	175	a241;6	240	2
a179;4	178	a993;7	992	2
a182;12	181	a434;4	433	2
a10;16	9	a466;4	465	2
a185;3	184	a960;2	959	2
a1367;2	1366	a181;7	180	2
a150;42	149	a1747;23	1746	2
a1396;10	1395	a150;42	149	2
a386;3	385	a70;4	69	2
a537;2	536	a558;3	557	2
a179;4	178	a552;2	551	2
a193;4	192	a674;3	673	1
a24;156	23	a505;12	504	1
a1249;11	1248	a353;21	352	1
a507;4	506	a55;2	54	1
a112;3	111	a513;3	512	1
a1662;2	1661	a559;3	558	1
a367;2	366	a996;3	995	1
a393;11	392	a682;16	681	1
a707;2	706	a881;2	880	1
a390;6	389	a568;4	567	1
a559;3	558	a821;2	820	1
a1150;3	1149	a270;2	269	1
a125;8	124	a753;2	752	1
a161;3	160	a669;2	668	1
a421;3	420	a787;4	786	1
a211;4	210	a821;2	820	1
a361;3	360	a77;3	76	1
a195;6	194	a366;2	365	1
a841;2	840	a930;2	929	1
a246;18	245	a487;10	486	1
a1221;4	1220	a901;5	900	1
a666;2	665	a929;2	928	1
a1295;12	1294	a134;20	133	1
a224;28	223	a701;44	700	1
a1154;3	1153	a553;3	552	1
a519;2	518	a53;8	52	1
a145;10	144	a311;3	310	1
a1457;2	1456	a620;6	619	1
a21;4	20	a259;5	258	1
a1142;11	1141	a783;27	782	1
a353;21	352	a682;16	681	1
a211;4	210	a634;4	633	1
a1091;4	1090	a916;4	915	1
a107;65	106	a202;17	201	1
a1435;2	1434	a21;4	20	1
a109;7	108	a228;5	227	1
a22;799	21	a782;27	781	1
a224;28	223	a81;22	80	1
a315;3	314	a4;35	3	1
a1545;88	1544	a52;26	51	1
a304;2	303	a620;6	619	1
a1901;2	1900	a22;799	21	1
a404;10	403	a81;22	80	1
a17;6	16	a20;256	19	1
a18;2	17	a481;3	480	1
a1361;2	1360	a277;9	276	1
a244;21	243	a4;35	3	1
a224;28	223	a356;16	355	1
a55;2	54	a941;3	940	1
a1062;2	1061	a510;5	509	1
a505;12	504	a848;12	847	1
a20;256	19	a383;2	382	1
a1223;2	1222	a236;12	235	1
a61;7	60	a661;11	660	1
a1154;3	1153	a625;3	624	1
a2213;10	2212	a682;16	681	1
a390;6	389	a686;3	685	1
a800;2	799	a993;7	992	1
a457;2	456	a551;2	550	1
a128;9	127	a327;2	326	1
a329;2	328	a553;3	552	1
a559;3	558	a607;4	606	1
a620;6	619	a875;2	874	1
a167;9	166	a58;4	57	1
a1545;88	1544	a15;6	14	1
a22;799	21	a426;16	425	1
a211;4	210	a559;3	558	1
a468;2	467	a593;3	592	1
a52;26	51	a581;3	580	1
a1164;3	1163	a496;2	495	1
a165;3	164	a1;2	0	1
a1142;11	1141	a235;13	234	1
a1104;19	1103	a202;17	201	1
a1021;3	1020	a272;3	271	1
a1520;2	1519	a417;4	416	1
a152;5	151	a580;5	579	1
a1249;11	1248	a782;27	781	1
a1208;76	1207	a356;16	355	1
a297;5	296	a815;2	814	1
a1097;2	1096	a380;3	379	1
a393;11	392	a824;19	823	1
a1217;7	1216	a357;6	356	1
a728;5	727	a971;2	970	1
a653;2	652	a678;10	677	1
a24;156	23	a952;3	951	1
a705;2	704	a799;3	798	1
a317;5	316	a7;3	6	1
a1036;3	1035	a658;2	657	1
a1422;2	1421	a148;9	147	1
a148;9	147	a179;4	178	1
a202;17	201	a783;27	782	1
a198;8	197	a376;4	375	1
a106;2	105	a242;4	241	1
a1323;2	1322	a1447;2	1446	1
a1479;2	1478	a193;4	192	1
a179;4	178	a488;2	487	1
a1738;3	1737	a409;3	408	1
a662;2	661	a725;2	724	1
a1133;4	1132	a431;2	430	1
a1012;6	1011	a753;2	752	1
a107;65	106	a797;21	796	1
a1266;3	1265	a329;2	328	1
a426;16	425	a682;16	681	1
a1168;3	1167	a722;5	721	1
a1097;2	1096	a1531;2	1530	1
a353;21	352	a393;11	392	1
a170;8	169	a695;5	694	1
a481;3	480	a796;4	795	1
a107;65	106	a404;10	403	1
a1447;2	1446	a200;2	199	1
a22;799	21	a404;10	403	1
a1036;3	1035	a311;3	310	1
a271;2	270	a556;2	555	1
a1133;4	1132	a317;5	316	1
a661;11	660	a6;5	5	1
a107;65	106	a235;13	234	1
a22;799	21	a289;15	288	1
a212;3	211	a266;4	265	1
a127;15	126	a1545;88	1544	1
a273;2	272	a593;3	592	1
a384;2	383	a750;4	749	1
a1249;11	1248	a824;19	823	1
a1469;2	1468	a908;2	907	1
a1036;3	1035	a145;10	144	1
a107;65	106	a1208;76	1207	1
a127;15	126	a48;32	47	1
a226;2	225	a567;4	566	1
a144;11	143	a413;10	412	1
a115;2	114	a599;2	598	1
a356;16	355	a783;27	782	1
a107;65	106	a22;799	21	1
